[cam_50591643]
name = "cam_50591643"
size = [ 900.0, 900.0,]
matrix = [ [ 1100.9487285503383, 0.0, 478.48877579610746,], [ 0.0, 1098.293854513704, 442.4736847971137,], [ 0.0, 0.0, 1.0,],]
distortions = [ -0.19639395260434772, 0.09636528582393045, -0.002132770459194407, 0.004366729136668356,]
rotation = [ 1.1429605651126564, -1.6547348006770541, 1.3967608053098723,]
translation = [ 0.05089274243720477, 0.6707823968613164, 4.608603434581018,]
fisheye = false

[cam_58860488]
name = "cam_58860488"
size = [ 900.0, 900.0,]
matrix = [ [ 1033.6228479856254, 0.0, 463.43777927820213,], [ 0.0, 1032.4650593134825, 450.3376439511192,], [ 0.0, 0.0, 1.0,],]
distortions = [ -0.16997698907641903, 0.049075620650322165, -0.006186903532209215, 0.0013010175014713417,]
rotation = [ 1.545217013823943, -0.9386684143777939, 0.8075792428558648,]
translation = [ 0.32105026549122906, 0.8362782745870012, 4.649952470283119,]
fisheye = false

[cam_60457274]
name = "cam_60457274"
size = [ 900.0, 900.0,]
matrix = [ [ 1105.5974302242284, 0.0, 459.0915992789373,], [ 0.0, 1103.8311966489332, 457.4523383489745,], [ 0.0, 0.0, 1.0,],]
distortions = [ -0.18017838925867227, 0.10136239893326235, -0.002480913277314871, 0.0007808799800508061,]
rotation = [ 1.5307123381159107, 0.9691791462712805, -0.8338911146075509,]
translation = [ -0.19917112686555907, 0.8215327632819035, 4.539797134864765,]
fisheye = false

[cam_65906101]
name = "cam_65906101"
size = [ 900.0, 900.0,]
matrix = [ [ 1031.5980504626589, 0.0, 464.68665595946544,], [ 0.0, 1026.75380458035, 468.4732350670437,], [ 0.0, 0.0, 1.0,],]
distortions = [ -0.2284536028780994, 0.12445778208573775, -0.0012284134763244534, 0.003516420009367886,]
rotation = [ 1.0691624637593389, 1.7124914921001175, -1.399342200159681,]
translation = [ -0.002043711665922201, 0.5791835011055575, 4.58426933743963,]
fisheye = false

[metadata]
adjusted = false
error = 0.0
