[cam_50591643]
name = "cam_50591643"
size = [ 900.0, 900.0,]
matrix = [ [ 1099.357202539817, 0.0, 463.91428107320337,], [ 0.0, 1095.9928331046067, 449.60976378240906,], [ 0.0, 0.0, 1.0,],]
distortions = [ -0.1993567639285392, 0.2029825051682613, 0.0009623084843278265, 0.0002544892271914985,]
rotation = [ 1.1504076990187857, -1.6554104560962508, 1.3867658095157533,]
translation = [ 0.11607911964018963, 0.6407976658821724, 4.606997546377807,]
fisheye = false

[cam_58860488]
name = "cam_58860488"
size = [ 900.0, 900.0,]
matrix = [ [ 1031.2085388849382, 0.0, 459.242354552927,], [ 0.0, 1028.0159794827223, 456.1581323366254,], [ 0.0, 0.0, 1.0,],]
distortions = [ -0.1951062677721272, 0.16863154467038832, 0.00039690234954908437, 1.4564902602873819e-05,]
rotation = [ 1.5534854383190961, -0.936236130233594, 0.8031618802185779,]
translation = [ 0.37231242386341473, 0.8125803263861852, 4.634612574274742,]
fisheye = false

[cam_60457274]
name = "cam_60457274"
size = [ 900.0, 900.0,]
matrix = [ [ 1104.7219983346042, 0.0, 455.3329922145851,], [ 0.0, 1103.026486495912, 451.4754785449757,], [ 0.0, 0.0, 1.0,],]
distortions = [ -0.18927874421312346, 0.16441531207762652, -0.0035403054183782917, -0.0021170193331056064,]
rotation = [ 1.527407013259035, 0.9630425678541921, -0.835874813036615,]
translation = [ -0.18618765728131345, 0.8467578208093067, 4.528663551399013,]
fisheye = false

[cam_65906101]
name = "cam_65906101"
size = [ 900.0, 900.0,]
matrix = [ [ 1031.9398914356673, 0.0, 473.5890275039549,], [ 0.0, 1028.3897546749654, 459.3118688796745,], [ 0.0, 0.0, 1.0,],]
distortions = [ -0.18348987162583047, 0.08858613799198352, -0.003589079412905934, 0.003088064132699113,]
rotation = [ 1.0715480294201696, 1.6937037975208267, -1.3970640017940659,]
translation = [ -0.044181874558429084, 0.6196004325603505, 4.590301651969345,]
fisheye = false

[metadata]
adjusted = false
error = 0.0
