[cam_50591643]
name = "cam_50591643"
size = [ 900.0, 900.0,]
matrix = [ [ 1098.0558681607044, 0.0, 469.0674479175988,], [ 0.0, 1093.3140961998574, 458.3095665993374,], [ 0.0, 0.0, 1.0,],]
distortions = [ -0.22184136308299687, 0.07342401006576282, 0.005157630270067095, 0.0024311128878563627,]
rotation = [ 1.1451998427921386, -1.6741345733327695, 1.3933000086493925,]
translation = [ 0.0921008488533918, 0.6025039503927714, 4.604760476012915,]
fisheye = false

[cam_58860488]
name = "cam_58860488"
size = [ 900.0, 900.0,]
matrix = [ [ 1032.4413991808076, 0.0, 472.5830344634462,], [ 0.0, 1029.098988406538, 458.3908079128173,], [ 0.0, 0.0, 1.0,],]
distortions = [ -0.21283409594278285, 0.06887971557650427, 0.0017155097640146335, 0.003938514004181703,]
rotation = [ 1.5456213512260542, -0.9639675093275626, 0.825986577850919,]
translation = [ 0.2814217992114882, 0.7995574792341681, 4.647519694156184,]
fisheye = false

[cam_60457274]
name = "cam_60457274"
size = [ 900.0, 900.0,]
matrix = [ [ 1103.6997851039914, 0.0, 457.89696552991876,], [ 0.0, 1102.2156017542834, 448.59204936959526,], [ 0.0, 0.0, 1.0,],]
distortions = [ -0.1901753144043838, 0.07694363703704431, -0.0034945537522453308, -0.0013495941260107903,]
rotation = [ 1.5311632096952215, 0.949383318964621, -0.827004611029455,]
translation = [ -0.19534043081207686, 0.8586916866634855, 4.517591774871446,]
fisheye = false

[cam_65906101]
name = "cam_65906101"
size = [ 900.0, 900.0,]
matrix = [ [ 1030.3444332710194, 0.0, 461.07690003727345,], [ 0.0, 1026.8689441764752, 458.9993086914089,], [ 0.0, 0.0, 1.0,],]
distortions = [ -0.1890273625557935, 0.005233233019079008, -0.004014440102465246, 0.0016338927312134458,]
rotation = [ 1.0744863335337846, 1.6926412608882575, -1.3996960645486654,]
translation = [ 0.009259946629952324, 0.622314262624885, 4.58096092071985,]
fisheye = false

[metadata]
adjusted = false
error = 0.0
