[cam_50591643]
name = "cam_50591643"
size = [ 900.0, 900.0,]
matrix = [ [ 1097.7055619681175, 0.0, 470.14968667482157,], [ 0.0, 1093.4894802578203, 443.1324759822371,], [ 0.0, 0.0, 1.0,],]
distortions = [ -0.1911074639943787, 0.06966311398239604, -0.003254385967166504, 0.0024433640855686103,]
rotation = [ 1.1542326755592902, -1.6463616606766747, 1.3883540748725904,]
translation = [ 0.08901600733662825, 0.6693965511271932, 4.595129956391728,]
fisheye = false

[cam_58860488]
name = "cam_58860488"
size = [ 900.0, 900.0,]
matrix = [ [ 1034.409702166508, 0.0, 454.3035217550797,], [ 0.0, 1031.5466419024913, 456.92552961390203,], [ 0.0, 0.0, 1.0,],]
distortions = [ -0.1875779468017548, 0.024774796945767456, -0.0011112467335177493, -0.0005719910524574001,]
rotation = [ 1.5632833241811055, -0.9241487562458929, 0.786426694911629,]
translation = [ 0.4080743654717002, 0.8060031321263982, 4.644654047165042,]
fisheye = false

[cam_60457274]
name = "cam_60457274"
size = [ 900.0, 900.0,]
matrix = [ [ 1100.796088257201, 0.0, 469.0065525433846,], [ 0.0, 1096.4328342200513, 462.37319258834646,], [ 0.0, 0.0, 1.0,],]
distortions = [ -0.20168187616807992, 0.017331656878005863, -0.0002296645449409886, 0.0013232586783779214,]
rotation = [ 1.5336094498385737, 0.968329775527334, -0.8310627332371138,]
translation = [ -0.24070330973073079, 0.8018292849569642, 4.509466356254457,]
fisheye = false

[cam_65906101]
name = "cam_65906101"
size = [ 900.0, 900.0,]
matrix = [ [ 1027.9723828602835, 0.0, 472.59136726803905,], [ 0.0, 1022.8387578253232, 467.615102320829,], [ 0.0, 0.0, 1.0,],]
distortions = [ -0.20325525623105828, 0.000996266856593674, -0.0027704967686371412, 0.003610428110710241,]
rotation = [ 1.0728303242936572, 1.70201355835792, -1.3953757864543581,]
translation = [ -0.07774954527391977, 0.582153967189635, 4.570402597683392,]
fisheye = false

[metadata]
adjusted = false
error = 0.0
