[cam_50591643]
name = "cam_50591643"
size = [ 900.0, 900.0,]
matrix = [ [ 1098.6890403242166, 0.0, 464.778615441451,], [ 0.0, 1094.2331058514083, 447.4753087906588,], [ 0.0, 0.0, 1.0,],]
distortions = [ -0.19013913907443236, 0.15098941452036715, -0.001093361054292986, 0.0011996053612487317,]
rotation = [ 1.1380213660123306, -1.66938754159655, 1.4034104672663061,]
translation = [ 0.11019914527082876, 0.649379781557146, 4.608483171309846,]
fisheye = false

[cam_58860488]
name = "cam_58860488"
size = [ 900.0, 900.0,]
matrix = [ [ 1032.8363997126928, 0.0, 469.355016091325,], [ 0.0, 1029.107688287808, 464.75544413398836,], [ 0.0, 0.0, 1.0,],]
distortions = [ -0.1925488577381118, 0.06876217291651533, 0.001548025698560027, 0.0022317287430835037,]
rotation = [ 1.5546302548147608, -0.9646774454920444, 0.8232525638230971,]
translation = [ 0.328968379485925, 0.7727566544408389, 4.654112842038074,]
fisheye = false

[cam_60457274]
name = "cam_60457274"
size = [ 900.0, 900.0,]
matrix = [ [ 1104.6219503022721, 0.0, 467.1924275870749,], [ 0.0, 1101.6371116339037, 448.39266323604005,], [ 0.0, 0.0, 1.0,],]
distortions = [ -0.1834803788600663, 0.06952699004643421, -0.002611727182669908, 0.0006410819444568484,]
rotation = [ 1.5368922286024558, 0.9365656376044081, -0.8163157470774459,]
translation = [ -0.23389829910167512, 0.8601845213964165, 4.518795657401744,]
fisheye = false

[cam_65906101]
name = "cam_65906101"
size = [ 900.0, 900.0,]
matrix = [ [ 1032.481627463045, 0.0, 467.33589889589706,], [ 0.0, 1029.6911233212886, 449.7627640560915,], [ 0.0, 0.0, 1.0,],]
distortions = [ -0.1769009377860351, 0.08298148262453409, -0.003551794055344627, 0.002285204485940818,]
rotation = [ 1.0783827520779643, 1.6724802002295436, -1.398775893034726,]
translation = [ -0.019669363713036382, 0.6633735823434642, 4.589658773352381,]
fisheye = false

[metadata]
adjusted = false
error = 0.0
