[cam_50591643]
name = "cam_50591643"
size = [ 900.0, 900.0,]
matrix = [ [ 1094.3535615571163, 0.0, 469.5906930349493,], [ 0.0, 1089.8658638137606, 463.2756803029457,], [ 0.0, 0.0, 1.0,],]
distortions = [ -0.24363978667666975, -0.026198811176330987, 0.008996234301293218, 0.00286432047715704,]
rotation = [ 1.1481486974676887, -1.6769912947455816, 1.389996911440369,]
translation = [ 0.09482474020932405, 0.5818398613400632, 4.590450560322432,]
fisheye = false

[cam_58860488]
name = "cam_58860488"
size = [ 900.0, 900.0,]
matrix = [ [ 1034.9961960890146, 0.0, 458.79285130888155,], [ 0.0, 1032.0231549325786, 457.81789283486364,], [ 0.0, 0.0, 1.0,],]
distortions = [ -0.15991035181756064, 0.035815690218035066, -0.0017470440079375023, -0.000581766594514457,]
rotation = [ 1.5538638867902121, -0.9438400104968747, 0.8084421698589785,]
translation = [ 0.3912877202137791, 0.8078468269204216, 4.657740896867052,]
fisheye = false

[cam_60457274]
name = "cam_60457274"
size = [ 900.0, 900.0,]
matrix = [ [ 1104.7968202456443, 0.0, 470.52967999388784,], [ 0.0, 1102.734088787566, 448.89933980833644,], [ 0.0, 0.0, 1.0,],]
distortions = [ -0.18219904586335975, 0.12746495283844123, -0.00262633210642777, 0.0004616692906289222,]
rotation = [ 1.5337103776683896, 0.9430978869851457, -0.818318972774373,]
translation = [ -0.24982834764836284, 0.8584526379961054, 4.523054320085686,]
fisheye = false

[cam_65906101]
name = "cam_65906101"
size = [ 900.0, 900.0,]
matrix = [ [ 1030.2665614208936, 0.0, 486.87888155621863,], [ 0.0, 1025.0193223833742, 456.4357347675582,], [ 0.0, 0.0, 1.0,],]
distortions = [ -0.21078369243633382, 0.07245791222895713, -0.0012554477643419702, 0.004977383520551238,]
rotation = [ 1.0903651393565068, 1.666876631927839, -1.3779280153338889,]
translation = [ -0.15052795319103973, 0.630897929232615, 4.571154286438049,]
fisheye = false

[metadata]
adjusted = false
error = 0.0
