[cam_50591643]
name = "cam_50591643"
size = [ 900.0, 900.0,]
matrix = [ [ 1101.8231145562006, 0.0, 463.49741646105673,], [ 0.0, 1098.1086960291304, 447.7809992433384,], [ 0.0, 0.0, 1.0,],]
distortions = [ -0.20120329924226377, 0.16300307074332931, 0.0021642944145323275, 0.002063586443949302,]
rotation = [ 1.1828218917627522, -1.6173945761424458, 1.3567376881166113,]
translation = [ 0.1259327197374515, 0.6501426498572968, 4.610669271466507,]
fisheye = false

[cam_58860488]
name = "cam_58860488"
size = [ 900.0, 900.0,]
matrix = [ [ 1033.8966202105635, 0.0, 461.2447921389465,], [ 0.0, 1031.514952510032, 450.6474106193872,], [ 0.0, 0.0, 1.0,],]
distortions = [ -0.18711302039880087, 0.053477421840786084, 0.0007753605943839696, 0.00020687419612399545,]
rotation = [ 1.5676029375339882, -0.8951779685168667, 0.7696879779925331,]
translation = [ 0.3766920079658139, 0.8342660837160849, 4.635894252366697,]
fisheye = false

[cam_60457274]
name = "cam_60457274"
size = [ 900.0, 900.0,]
matrix = [ [ 1099.792297001664, 0.0, 461.43683547731274,], [ 0.0, 1096.6764347841663, 441.790963615853,], [ 0.0, 0.0, 1.0,],]
distortions = [ -0.17414236345976083, -0.05504993266882595, -0.0024710241226390582, 0.0006303717815666629,]
rotation = [ 1.5022828766135052, 0.9927952078670468, -0.8693965063711888,]
translation = [ -0.217780710349489, 0.8864333045535875, 4.508304627007358,]
fisheye = false

[cam_65906101]
name = "cam_65906101"
size = [ 900.0, 900.0,]
matrix = [ [ 1039.0449764450655, 0.0, 476.413887292801,], [ 0.0, 1035.02130376809, 449.04604865431986,], [ 0.0, 0.0, 1.0,],]
distortions = [ -0.14454553878306875, 0.11180164353405125, -0.007187556829262186, 0.006179741855060241,]
rotation = [ 1.0404898716166495, 1.7130509290718519, -1.4266070552208783,]
translation = [ -0.09849220608148951, 0.6633936366636544, 4.634711490025498,]
fisheye = false

[metadata]
adjusted = false
error = 0.0
