[cam_50591643]
name = "cam_50591643"
size = [ 900.0, 900.0,]
matrix = [ [ 1097.6123492041322, 0.0, 458.9813908049733,], [ 0.0, 1092.7130841865114, 456.485872459036,], [ 0.0, 0.0, 1.0,],]
distortions = [ -0.2296847370031595, 0.07499551747910194, 0.005054796801531772, 0.001691830929296947,]
rotation = [ 1.1954927169549419, -1.6105088510785766, 1.3401995773787327,]
translation = [ 0.14590147100865045, 0.6122864458476113, 4.592560837937315,]
fisheye = false

[cam_58860488]
name = "cam_58860488"
size = [ 900.0, 900.0,]
matrix = [ [ 1032.1199368572713, 0.0, 452.7098713284563,], [ 0.0, 1029.8637877938331, 451.5691411423969,], [ 0.0, 0.0, 1.0,],]
distortions = [ -0.16998351282576352, -0.02717186680134543, -0.0003663432024071677, 1.0462076435316544e-05,]
rotation = [ 1.5677773836484619, -0.8868772503482143, 0.7593235437416682,]
translation = [ 0.3748819370599778, 0.832530099859546, 4.631359228301377,]
fisheye = false

[cam_60457274]
name = "cam_60457274"
size = [ 900.0, 900.0,]
matrix = [ [ 1104.6545077184753, 0.0, 470.8588311991851,], [ 0.0, 1102.2533819339312, 445.0160895471373,], [ 0.0, 0.0, 1.0,],]
distortions = [ -0.18420619061738827, 0.08216042368573744, -0.00221388268886703, 0.0008312815494114068,]
rotation = [ 1.502004455286975, 1.0004534197423747, -0.8681394350394631,]
translation = [ -0.26128099753398876, 0.8731407099594867, 4.5226162670075105,]
fisheye = false

[cam_65906101]
name = "cam_65906101"
size = [ 900.0, 900.0,]
matrix = [ [ 1035.438622426629, 0.0, 464.01439434027424,], [ 0.0, 1032.1661621851258, 446.9324636948939,], [ 0.0, 0.0, 1.0,],]
distortions = [ -0.17888692818113575, 0.10010513638550171, -0.006414678135651644, 8.911290650112674e-05,]
rotation = [ 1.0168283476479545, 1.7355239833606508, -1.448373378041004,]
translation = [ -0.0066769008758598945, 0.6745867824514856, 4.607953803540599,]
fisheye = false

[metadata]
adjusted = false
error = 0.0
