[cam_60457274]
name = "cam_60457274"
size = [ 900.0, 900.0,]
matrix = [ [ 1099.792297001664, 0.0, 461.43683547731274,], [ 0.0, 1096.6764347841663, 441.790963615853,], [ 0.0, 0.0, 1.0,],]
distortions = [ -0.17414236345976083, -0.05504993266882595, -0.0024710241226390582, 0.0006303717815666629,]
rotation = [ 1.5022828766135052, 0.9927952078670468, -0.8693965063711888,]
translation = [ -0.217780710349489, 0.8864333045535875, 4.508304627007358,]
fisheye = false

[cam_65906101]
name = "cam_65906101"
size = [ 900.0, 900.0,]
matrix = [ [ 1039.0449764450655, 0.0, 476.413887292801,], [ 0.0, 1035.02130376809, 449.04604865431986,], [ 0.0, 0.0, 1.0,],]
distortions = [ -0.14454553878306875, 0.11180164353405125, -0.007187556829262186, 0.006179741855060241,]
rotation = [ 1.0404898716166495, 1.7130509290718519, -1.4266070552208783,]
translation = [ -0.09849220608148951, 0.6633936366636544, 4.634711490025498,]
fisheye = false

[metadata]
adjusted = false
error = 0.0
